Self Paced Learning
~~~~~~~~~~~~~~~~~~~

Bullet Train

parameters to main()

most silent bird in the world BBC video
1 2 3 4 5 6 7 8 9 

t1  1 6 9
t2  9
t3  2 5 9
t4  9
t5  3 4 9
t6  1
t7  1 7 8

Number Dis-integration
~~~~~~~~~~~~~~~~~~~~~~

Method 1
LSD Focus

MSD Focus


Method 2
LSD Focus
(6974/1)%10		4
(6974/10)%10		7
(6974/100)%10		9
(6974/1000)%10		6
When do we stop ?
MSD Focus
(6974/1000)%10		6
(6974/100)%10		9
(6974/10)%10		7
(6974/1)%10		4


Number Of Digits
Sum of Digits
Read Phone Number
Harshad Number
1, 2, 3, 4, 5, 6, 7, 8, 9, 10, 12, 18, 20, 21, 24, 27, 30, 36, 40, 42, 45, 48, 50, 54, 60, 63, 70, 72, 80, 81, 84, 90, 100, 102, 108, 110, 111, 112, 114, 117, 120, 126, 132, 133, 135, 140, 144, 150, 152, 153, 156, 162, 171, 180, 190, 192, 195, 198, 200, 201, 204
Armstrong Number
1, 2, 3, 4, 5, 6, 7, 8, 9, 153, 370, 371, 407, 1634, 8208, 9474, 54748, 92727, 93084, 548834, 1741725, 4210818, 9800817, 9926315, 24678050, 24678051, 88593477, 146511208, 472335975, 534494836, 912985153, 4679307774, 32164049650, 32164049651 

4338281769391370, 3706907995955475988644380 

Kaprekar Number
1, 9, 45, 55, 99, 297, 703, 999, 2223, 2728, 4879, 4950, 5050, 5292, 7272, 7777, 9999, 17344, 22222, 38962, 77778, 82656, 95121, 99999, 142857, 148149, 181819, 187110, 208495, 318682, 329967, 351352, 356643, 390313, 461539, 466830, 499500, 500500, 533170 






	2	3	2	?	2/3	?
	2	3	2	?	12	?

	1	7	11	13	17	19	23	29
	31	37	41	43	47	49	53	59
	61	67	71	73	77	79	83	89
	a	15
	b	17
	c	32
	d	49
	e	81	
	f	130
	g	211
	h	341	
	I	552
	j       890
		2321

	


















