Reverse
  0  1  2  3  4  5  6  7  8  9 10 11 12 13 14
{63,51,99,49,37,32,23,82,55,77,21,90,13,22,25}
{25,22,13,90,21,77,55,82,23,32,37,49,99,51,63}
15
front	rear
+=1     -=1
ind	size-(ind+1)
0 	14
1	13

Rotating
  0  1  2  3  4  5  6  7  8  9 10 11 12 13 14
{63,51,99,49,37,32,23,82,55,77,21,90,13,22,25}
LEFT rotate
{51,99,49,37,32,23,82,55,77,21,90,13,22,25,63}
RIGHT rotate
{25,63,51,99,49,37,32,23,82,55,77,21,90,13,22}

rot_factor 
7
  0  1  2  3  4  5  6  7  8  9 10 11 12 13 14
{63,51,99,49,37,32,23,82,55,77,21,90,13,22,25}
{25,63,51,99,49,37,32,23,82,55,77,21,90,13,22} <--- 1
{22,25,63,51,99,49,37,32,23,82,55,77,21,90,13} <--- 2
{13,22,25,63,51,99,49,37,32,23,82,55,77,21,90} <--- 3
{90,13,22,25,63,51,99,49,37,32,23,82,55,77,21} <--- 4
{21,90,13,22,25,63,51,99,49,37,32,23,82,55,77} <--- 5
{77,21,90,13,22,25,63,51,99,49,37,32,23,82,55} <--- 6
{55,77,21,90,13,22,25,63,51,99,49,37,32,23,82} <--- 7

  0  1  2  3  4  5  6  7  8  9 10 11 12 13 14
{63,51,99,49,37,32,23,82,55,77,21,90,13,22,25}
{55,77,21,90,13,22,25,63,51,99,49,37,32,23,82} <--- 7

{55,77,21,90,13,22,25,63,51,99,49,37,32,23,82}
{25,22,13,90,21,77,55,82,23,32,37,49,99,51,63}
{55,77,21,90,13,22,25,63,51,99,49,37,32,23,82}

Linked List






Frequency Array
~~~~~~~~~~~~~~~
PAN Digital Number - all 10 digits
6092187354

0 1 2 3 4 5 6 7 8 9
0 0 0 0 0 0 0 0 0 0
1 1 1 1 1 1 1 1 1 1

Make the smallest number possible using all the digits

58712302134
10122334578

0 1 2 3 4 5 6 7 8 9 
1 1 2 2 1 1 0 1 1 0


10122334578



Sorting
~~~~~~~

Selection

Sinking / Bubble

Insertion

Quick

Heap Sort

HEAP/,min-heap, max-heap - 30 minutes





